{
  "num_assets": 20,
  "covariance": [
    [
      0.00037734212060079803,
      0.00013578423110959645,
      0.00012209152676309778,
      0.00014644266356889787,
      0.00013162632528522264,
      0.00014829920912793758,
      0.00027995166045172604,
      0.00025346934247567356,
      0.0000565554990691487,
      0.0001271905531937164,
      0.0003388449114247751,
      0.0002746264196022299,
      0.00007206624816410055,
      0.00007385432594243218,
      0.00010640050412697232,
      0.00019115796480681808,
      0.00004979386926998481,
      0.0001448716079527511,
      0.00008880547301931001,
      0.00008123100998102632
    ],
    [
      0.00013578423110959645,
      0.00033146551270937113,
      0.0001510853835341133,
      0.0002748776047829267,
      0.00012807153571088806,
      0.0000673175307096832,
      0.00015739389673152947,
      0.00016390219411331882,
      0.0000436336904667488,
      0.0002644435595396097,
      0.000190338718930466,
      0.00012724418968055906,
      0.00005038378466547918,
      0.00010564083719328566,
      0.00008828926613908937,
      0.00016001609811363182,
      0.00007881793552463725,
      0.0003081761688287213,
      0.000055500041268440075,
      0.00015891398385730381
    ],
    [
      0.00012209152676309778,
      0.0001510853835341133,
      0.0001467833085971551,
      0.00014500816026360606,
      0.000100433049508145,
      0.00005270504382444129,
      0.00012080444618909639,
      0.0001295334208265716,
      0.000054537401802177166,
      0.00013806389740811335,
      0.00013893864350468722,
      0.00010885512079518873,
      0.00006508595026625077,
      0.00008004594831480226,
      0.00007715365098142081,
      0.00011801188437456737,
      0.00006350096716109851,
      0.00015943340360737048,
      0.00006095795524047875,
      0.00010672646998465882
    ],
    [
      0.00014644266356889787,
      0.0002748776047829267,
      0.00014500816026360606,
      0.00033805732712910577,
      0.00013834174679277293,
      0.00008521478928556186,
      0.00015421432287798315,
      0.0001823991808625101,
      0.000042713206626384706,
      0.00024082838259301725,
      0.00019961126581893445,
      0.00013055231505921676,
      0.00005204870464342603,
      0.00010585033327389318,
      0.00007869007152058483,
      0.00015469628860305623,
      0.00007346336393983817,
      0.0002841696617873358,
      0.00004427721413661223,
      0.00016981417397196459
    ],
    [
      0.00013162632528522264,
      0.00012807153571088806,
      0.000100433049508145,
      0.00013834174679277293,
      0.00029371213895480064,
      0.0000572313948176494,
      0.00013863326500725414,
      0.00017112577427972573,
      0.00005582778769171422,
      0.00011850806108559,
      0.00018765898790251443,
      0.0001286388280645666,
      0.000055500561066160465,
      0.00010976531525147841,
      0.00006884377495739599,
      0.0001388145863120945,
      0.00007926456132446131,
      0.00012063145588084051,
      0.00004711879910477159,
      0.00006762092044679481
    ],
    [
      0.00014829920912793758,
      0.0000673175307096832,
      0.00005270504382444129,
      0.00008521478928556186,
      0.0000572313948176494,
      0.0017915246551915768,
      0.00010455233513113106,
      0.00011959153319663504,
      -0.0000162873987247452,
      0.000039485344844944496,
      0.0001861090220248355,
      0.00010456165258194117,
      -0.000018542510344228462,
      0.00002230324190332461,
      -0.000011906591198027825,
      0.00009377776122719751,
      0.0000018211427410534191,
      0.00010167529507012192,
      0.00005454030423169514,
      0.000014097873381444548
    ],
    [
      0.00027995166045172604,
      0.00015739389673152947,
      0.00012080444618909639,
      0.00015421432287798315,
      0.00013863326500725414,
      0.00010455233513113106,
      0.00041168422970723446,
      0.00025448031062891584,
      0.00004570046395645954,
      0.00013684303664771144,
      0.00041447115572874633,
      0.0003029815189382646,
      0.00005280774751680513,
      0.0000660840081595886,
      0.00009950264964239326,
      0.00017972350443470274,
      0.00005153847297270387,
      0.0001619568423503504,
      0.00008357061060968608,
      0.00009008183848927766
    ],
    [
      0.00025346934247567356,
      0.00016390219411331882,
      0.0001295334208265716,
      0.0001823991808625101,
      0.00017112577427972573,
      0.00011959153319663504,
      0.00025448031062891584,
      0.00047748684174300077,
      0.00004591087314788819,
      0.0001539259968158404,
      0.000346520574640711,
      0.0002300031025906991,
      0.00006045711019367761,
      0.00009196271310237115,
      0.0000996020786975941,
      0.000173313262216504,
      0.00006368241059133923,
      0.00017543871742553612,
      0.00006402517036023824,
      0.00011752365226829806
    ],
    [
      0.0000565554990691487,
      0.0000436336904667488,
      0.000054537401802177166,
      0.000042713206626384706,
      0.00005582778769171422,
      -0.0000162873987247452,
      0.00004570046395645954,
      0.00004591087314788819,
      0.00010293266407612029,
      0.00004506687240958796,
      0.00004997085718829576,
      0.00005029751625906058,
      0.00007561730302052898,
      0.000044874224131921286,
      0.00006595800666175727,
      0.000052158857455651306,
      0.00004437828603748598,
      0.000047719517816818905,
      0.00005022471111852634,
      0.000017987858238808325
    ],
    [
      0.0001271905531937164,
      0.0002644435595396097,
      0.00013806389740811335,
      0.00024082838259301725,
      0.00011850806108559,
      0.000039485344844944496,
      0.00013684303664771144,
      0.0001539259968158404,
      0.00004506687240958796,
      0.0002642842172214535,
      0.00016522778096634777,
      0.00011428481047734742,
      0.00005684839884321045,
      0.00009620825401717986,
      0.00008330763560597151,
      0.00014502534890043715,
      0.00006879368569146838,
      0.0002595989857179373,
      0.00004859260777328137,
      0.00012501679294185818
    ],
    [
      0.0003388449114247751,
      0.000190338718930466,
      0.00013893864350468722,
      0.00019961126581893445,
      0.00018765898790251443,
      0.0001861090220248355,
      0.00041447115572874633,
      0.000346520574640711,
      0.00004997085718829576,
      0.00016522778096634777,
      0.000992179303572491,
      0.00034130935488084496,
      0.0000807917847450529,
      0.00009227400974411809,
      0.00007392213292012941,
      0.00022712989764795197,
      0.00005792383260373136,
      0.00018492894038566355,
      0.00008754517707346507,
      0.00007052358077507311
    ],
    [
      0.0002746264196022299,
      0.00012724418968055906,
      0.00010885512079518873,
      0.00013055231505921676,
      0.0001286388280645666,
      0.00010456165258194117,
      0.0003029815189382646,
      0.0002300031025906991,
      0.00005029751625906058,
      0.00011428481047734742,
      0.00034130935488084496,
      0.0003401875153842142,
      0.00006619640995265075,
      0.00004963867299210028,
      0.00010590184943676015,
      0.0001744854946589097,
      0.000038996492448004653,
      0.0001368848974341176,
      0.00007779974341432732,
      0.00006111479349332053
    ],
    [
      0.00007206624816410055,
      0.00005038378466547918,
      0.00006508595026625077,
      0.00005204870464342603,
      0.000055500561066160465,
      -0.000018542510344228462,
      0.00005280774751680513,
      0.00006045711019367761,
      0.00007561730302052898,
      0.00005684839884321045,
      0.0000807917847450529,
      0.00006619640995265075,
      0.00029167550830265396,
      0.00005180891744626622,
      0.00007214540043847674,
      0.00006657265492546412,
      0.000051736020188629035,
      0.00005647892081862771,
      0.00004145723230336101,
      0.00003414847716139623
    ],
    [
      0.00007385432594243218,
      0.00010564083719328566,
      0.00008004594831480226,
      0.00010585033327389318,
      0.00010976531525147841,
      0.00002230324190332461,
      0.0000660840081595886,
      0.00009196271310237115,
      0.000044874224131921286,
      0.00009620825401717986,
      0.00009227400974411809,
      0.00004963867299210028,
      0.00005180891744626622,
      0.00022740303230923145,
      0.00005659970703178054,
      0.00009087766515680243,
      0.00011688777458021478,
      0.00011228233337408776,
      0.000041402054247404936,
      0.00007537320149627863
    ],
    [
      0.00010640050412697232,
      0.00008828926613908937,
      0.00007715365098142081,
      0.00007869007152058483,
      0.00006884377495739599,
      -0.000011906591198027825,
      0.00009950264964239326,
      0.0000996020786975941,
      0.00006595800666175727,
      0.00008330763560597151,
      0.00007392213292012941,
      0.00010590184943676015,
      0.00007214540043847674,
      0.00005659970703178054,
      0.0001920190138927502,
      0.00008694004672159333,
      0.00006186129615952102,
      0.0000878297935244812,
      0.00005777539981680614,
      0.00005964061798679532
    ],
    [
      0.00019115796480681808,
      0.00016001609811363182,
      0.00011801188437456737,
      0.00015469628860305623,
      0.0001388145863120945,
      0.00009377776122719751,
      0.00017972350443470274,
      0.000173313262216504,
      0.000052158857455651306,
      0.00014502534890043715,
      0.00022712989764795197,
      0.0001744854946589097,
      0.00006657265492546412,
      0.00009087766515680243,
      0.00008694004672159333,
      0.00030517306875764536,
      0.00006056813229294046,
      0.00017374586382440575,
      0.00004776482979169687,
      0.00009637803054271731
    ],
    [
      0.00004979386926998481,
      0.00007881793552463725,
      0.00006350096716109851,
      0.00007346336393983817,
      0.00007926456132446131,
      0.0000018211427410534191,
      0.00005153847297270387,
      0.00006368241059133923,
      0.00004437828603748598,
      0.00006879368569146838,
      0.00005792383260373136,
      0.000038996492448004653,
      0.000051736020188629035,
      0.00011688777458021478,
      0.00006186129615952102,
      0.00006056813229294046,
      0.00015043153668343714,
      0.00008144676112208088,
      0.00004092131115336803,
      0.00006396499890988984
    ],
    [
      0.0001448716079527511,
      0.0003081761688287213,
      0.00015943340360737048,
      0.0002841696617873358,
      0.00012063145588084051,
      0.00010167529507012192,
      0.0001619568423503504,
      0.00017543871742553612,
      0.000047719517816818905,
      0.0002595989857179373,
      0.00018492894038566355,
      0.0001368848974341176,
      0.00005647892081862771,
      0.00011228233337408776,
      0.0000878297935244812,
      0.00017374586382440575,
      0.00008144676112208088,
      0.0004326545667290322,
      0.000053265836926142944,
      0.00015944116581814043
    ],
    [
      0.00008880547301931001,
      0.000055500041268440075,
      0.00006095795524047875,
      0.00004427721413661223,
      0.00004711879910477159,
      0.00005454030423169514,
      0.00008357061060968608,
      0.00006402517036023824,
      0.00005022471111852634,
      0.00004859260777328137,
      0.00008754517707346507,
      0.00007779974341432732,
      0.00004145723230336101,
      0.000041402054247404936,
      0.00005777539981680614,
      0.00004776482979169687,
      0.00004092131115336803,
      0.000053265836926142944,
      0.00019738399331811993,
      0.00004674680930587397
    ],
    [
      0.00008123100998102632,
      0.00015891398385730381,
      0.00010672646998465882,
      0.00016981417397196459,
      0.00006762092044679481,
      0.000014097873381444548,
      0.00009008183848927766,
      0.00011752365226829806,
      0.000017987858238808325,
      0.00012501679294185818,
      0.00007052358077507311,
      0.00006111479349332053,
      0.00003414847716139623,
      0.00007537320149627863,
      0.00005964061798679532,
      0.00009637803054271731,
      0.00006396499890988984,
      0.00015944116581814043,
      0.00004674680930587397,
      0.0004091783032154096
    ]
  ],
  "expected_return": [
    0.0003105404146739473,
    0.00026853774073997273,
    0.0006717593029281414,
    -0.0003028633292687589,
    -0.0003037114927675092,
    -0.0020229232998583897,
    0.0002627040562460279,
    -0.001098914904369773,
    0.0001652420934343658,
    0.00017115716626491797,
    -0.0007883020143814165,
    0.00037859328589208684,
    0.0005962735904086016,
    -0.00013190462993663092,
    0.0007335834703656602,
    0.0003522183916666681,
    -0.0005897143866032106,
    0.0008168140037777381,
    0.00011409365227705536,
    0.0018755282188416252
  ],
  "target_return": 0.0000964458499285423,
  "portfolio_max_size": 15
}
